data=comp_vs_rec_1
72.18
70.27
69.20
68.54
78.80
72.71
81.2994
0.537070
0.36
0.88
0.49
92.48
data=comp_vs_rec_4
79.88
88.78
92.20
80.64
78.98
80.72
83.2186
0.576384
0.47
0.90
0.49
88.17
data=comp_vs_rec_7
75.62
58.38
77.56
74.01
80.17
81.22
88.2323
0.535687
0.35
0.88
0.49
92.20
data=comp_vs_rec_10
81.36
79.69
92.39
79.46
79.54
79.26
75.9283
0.560051
0.46
0.89
0.49
89.27
data=comp_vs_rec_13
76.13
64.07
82.72
74.53
78.80
75.93
84.4529
0.529517
0.30
0.88
0.49
91.32
data=comp_vs_rec_16
81.76
91.70
92.38
79.98
78.20
80.90
85.3031
0.582272
0.42
0.88
0.49
90.19
data=comp_vs_rec_19
73.98
85.52
77.30
72.68
77.71
75.79
79.8774
0.546987
0.43
0.88
0.49
90.91
data=comp_vs_rec_22
78.40
73.72
91.62
76.97
77.74
81.19
86.0685
0.583078
0.47
0.87
0.49
87.78
data=comp_vs_rec_25
77.47
88.95
70.84
74.22
77.65
82.63
86.8428
0.555245
0.43
0.88
0.49
92.08
data=comp_vs_rec_28
82.74
89.98
91.38
79.99
77.24
84.67
89.3466
0.583270
0.47
0.88
0.50
87.92
data=comp_vs_rec_31
73.78
87.96
70.24
65.70
78.45
78.22
84.2132
0.551645
0.44
0.88
0.49
90.97
data=comp_vs_rec_34
77.61
67.42
89.51
75.06
78.17
80.06
83.6865
0.585397
0.46
0.89
0.49
89.35
data=comp_vs_sci_1
67.31
51.57
66.23
63.55
77.10
60.04
68.2272
0.605014
0.43
0.77
0.49
88.18
data=comp_vs_sci_4
69.88
81.00
71.08
61.14
75.89
69.96
73.0504
0.612120
0.37
0.79
0.49
90.00
data=comp_vs_sci_7
72.51
56.23
71.62
65.81
78.04
72.18
75.0835
0.602877
0.44
0.82
0.49
87.49
data=comp_vs_sci_10
73.68
53.40
80.05
64.21
76.66
72.43
75.0193
0.602824
0.45
0.80
0.49
88.37
data=comp_vs_sci_13
69.39
52.15
74.32
64.05
76.16
63.52
72.4578
0.590956
0.45
0.77
0.49
88.96
data=comp_vs_sci_16
73.72
60.96
76.38
64.38
76.20
73.83
76.5322
0.611593
0.46
0.77
0.49
89.53
data=comp_vs_sci_19
70.59
57.69
79.21
65.90
77.69
70.64
67.1795
0.611282
0.44
0.76
0.48
88.97
data=comp_vs_sci_22
71.40
53.69
82.11
60.89
76.81
81.86
78.7032
0.591748
0.46
0.76
0.48
87.03
data=comp_vs_sci_25
71.33
55.78
75.16
63.12
76.23
66.62
67.8908
0.604948
0.44
0.82
0.49
88.85
data=comp_vs_sci_28
72.57
83.74
81.75
63.75
75.30
72.60
75.5034
0.602345
0.46
0.79
0.49
87.76
data=comp_vs_sci_31
68.76
79.28
69.50
60.31
77.57
61.41
67.0679
0.610755
0.45
0.80
0.48
87.40
data=comp_vs_sci_34
72.41
58.48
78.58
59.87
75.86
65.93
72.9204
0.601740
0.46
0.76
0.49
88.92
data=comp_vs_talk_1
84.12
93.62
92.15
85.02
75.10
76.00
90.8928
0.665668
0.57
0.92
0.58
92.24
data=comp_vs_talk_4
83.76
85.92
91.85
86.47
80.45
81.66
91.7363
0.664555
0.54
0.93
0.56
92.11
data=comp_vs_talk_7
85.49
77.15
90.91
87.75
77.78
79.65
92.0229
0.685430
0.57
0.91
0.58
91.45
data=comp_vs_talk_10
83.86
87.30
91.99
88.31
81.05
79.06
86.4623
0.660688
0.54
0.92
0.55
92.62
data=comp_vs_talk_13
87.05
75.35
87.35
88.75
77.71
75.80
91.7439
0.669159
0.58
0.89
0.58
92.55
data=comp_vs_talk_16
84.22
87.95
90.51
86.20
79.70
80.76
89.4767
0.663025
0.54
0.91
0.56
92.81
data=comp_vs_talk_19
84.35
56.56
83.60
86.21
74.08
77.65
77.6509
0.677681
0.56
0.91
0.57
91.89
data=comp_vs_talk_22
82.88
89.55
89.15
86.06
77.51
71.82
89.9538
0.654734
0.53
0.92
0.55
91.95
data=comp_vs_talk_25
86.33
58.15
77.91
85.70
75.22
77.88
84.9552
0.678209
0.56
0.91
0.58
91.46
data=comp_vs_talk_28
84.28
88.09
91.05
84.79
77.76
78.62
93.7733
0.659397
0.53
0.92
0.56
92.31
data=comp_vs_talk_31
83.71
49.82
80.98
84.55
73.58
84.16
92.5015
0.683263
0.55
0.88
0.57
90.97
data=comp_vs_talk_34
82.16
50.71
85.01
86.77
76.56
72.73
78.7259
0.663592
0.52
0.92
0.55
92.91
data=rec_vs_sci_1
65.45
68.26
66.62
59.77
76.52
61.54
68.4596
0.530051
0.45
0.79
0.50
92.07
data=rec_vs_sci_4
65.72
83.54
77.01
62.59
77.64
59.74
67.7940
0.555275
0.45
0.71
0.50
91.67
data=rec_vs_sci_7
72.11
90.66
85.34
61.96
77.84
72.92
77.1328
0.505553
0.47
0.86
0.50
90.26
data=rec_vs_sci_10
74.85
87.99
88.47
66.60
78.83
72.83
76.1604
0.522704
0.46
0.86
0.50
91.65
data=rec_vs_sci_13
74.32
78.79
82.91
67.19
76.31
73.58
76.5167
0.520981
0.44
0.84
0.50
90.37
data=rec_vs_sci_16
73.47
83.48
84.31
64.65
82.14
73.52
79.7372
0.533098
0.45
0.85
0.50
91.41
data=rec_vs_sci_19
71.66
84.98
83.65
65.95
78.69
70.73
75.0000
0.523509
0.45
0.81
0.50
88.88
data=rec_vs_sci_22
74.38
84.71
91.08
64.70
79.36
76.88
82.3143
0.505558
0.47
0.89
0.50
89.79
data=rec_vs_sci_25
72.86
81.70
83.29
67.97
77.39
68.43
76.0253
0.505570
0.45
0.83
0.50
89.06
data=rec_vs_sci_28
72.93
83.68
83.96
67.46
81.71
67.28
76.6700
0.534666
0.44
0.81
0.50
88.16
data=rec_vs_sci_31
56.48
62.35
61.74
56.76
76.09
53.44
58.3755
0.529605
0.42
0.77
0.49
89.30
data=rec_vs_sci_34
57.33
64.67
59.99
54.22
76.02
58.17
60.5463
0.537936
0.43
0.64
0.50
89.63
data=rec_vs_talk_1
71.35
86.22
75.75
72.88
72.26
72.23
78.7253
0.649454
0.52
0.64
0.58
89.97
data=rec_vs_talk_4
69.24
77.38
69.92
67.71
73.30
59.31
66.6005
0.625142
0.50
0.72
0.56
92.65
data=rec_vs_talk_7
76.38
91.54
81.69
79.12
73.43
79.68
75.2580
0.626364
0.55
0.81
0.58
90.03
data=rec_vs_talk_10
76.01
86.56
87.32
76.86
75.81
77.88
82.5014
0.612309
0.52
0.86
0.56
91.55
data=rec_vs_talk_13
79.03
89.16
87.12
78.91
75.63
76.10
85.1994
0.636928
0.56
0.85
0.58
89.51
data=rec_vs_talk_16
76.56
88.18
89.40
78.01
78.98
69.86
77.0170
0.616193
0.52
0.86
0.56
90.34
data=rec_vs_talk_19
77.34
89.39
80.86
75.72
74.71
79.29
80.7090
0.633087
0.54
0.82
0.58
89.84
data=rec_vs_talk_22
77.19
87.90
84.40
78.95
75.31
69.94
84.9148
0.611080
0.51
0.86
0.56
91.79
data=rec_vs_talk_25
77.89
90.74
85.85
77.74
75.64
62.09
80.7339
0.636875
0.54
0.87
0.58
89.23
data=rec_vs_talk_28
76.15
82.44
88.99
75.30
78.03
62.07
76.7217
0.604155
0.51
0.86
0.56
90.92
data=rec_vs_talk_31
68.65
85.12
75.84
70.25
71.81
61.28
74.2088
0.623188
0.53
0.73
0.58
88.94
data=rec_vs_talk_34
67.97
84.30
76.85
71.56
73.21
54.75
65.3299
0.610068
0.51
0.82
0.56
90.27
data=sci_vs_talk_1
72.37
81.11
64.22
64.51
71.89
74.15
69.9970
0.600059
0.52
0.81
0.58
88.59
data=sci_vs_talk_4
70.61
74.34
68.81
59.61
73.92
55.50
64.6807
0.576682
0.49
0.80
0.56
90.59
data=sci_vs_talk_7
73.29
84.72
69.23
66.80
71.87
60.24
73.1751
0.603561
0.55
0.79
0.58
88.75
data=sci_vs_talk_10
72.75
82.88
71.01
62.85
73.44
57.29
61.7118
0.566334
0.51
0.79
0.56
91.10
data=sci_vs_talk_13
75.92
76.48
71.83
63.64
71.89
67.79
66.0142
0.607058
0.54
0.83
0.58
88.37
data=sci_vs_talk_16
73.25
83.23
73.80
67.18
73.20
57.34
66.4100
0.560023
0.51
0.78
0.56
90.99
data=sci_vs_talk_19
67.79
72.65
67.67
60.59
71.56
60.95
62.7259
0.607407
0.50
0.67
0.57
88.09
data=sci_vs_talk_22
65.93
73.48
68.32
61.82
72.71
64.56
71.0826
0.572650
0.47
0.78
0.55
90.80
data=sci_vs_talk_25
69.08
76.04
68.88
66.01
72.14
62.13
74.8001
0.599052
0.51
0.76
0.57
87.24
data=sci_vs_talk_28
68.34
74.35
74.03
64.07
72.58
67.40
73.4624
0.574601
0.49
0.73
0.54
89.61
data=sci_vs_talk_31
69.80
75.37
71.01
65.41
71.64
67.49
67.6052
0.616183
0.52
0.77
0.57
89.48
data=sci_vs_talk_34
71.59
76.23
77.77
67.37
73.72
62.44
68.0251
0.591622
0.50
0.81
0.54
90.82
>>
